{
 "cells": [
  {
   "cell_type": "code",
   "execution_count": 1,
   "metadata": {},
   "outputs": [],
   "source": [
    "import numpy as np"
   ]
  },
  {
   "cell_type": "code",
   "execution_count": 2,
   "metadata": {},
   "outputs": [],
   "source": [
    "arr = np.arange(40)"
   ]
  },
  {
   "cell_type": "code",
   "execution_count": 3,
   "metadata": {},
   "outputs": [
    {
     "data": {
      "text/plain": [
       "array([ 0,  1,  2,  3,  4,  5,  6,  7,  8,  9, 10, 11, 12, 13, 14, 15, 16,\n",
       "       17, 18, 19, 20, 21, 22, 23, 24, 25, 26, 27, 28, 29, 30, 31, 32, 33,\n",
       "       34, 35, 36, 37, 38, 39])"
      ]
     },
     "execution_count": 3,
     "metadata": {},
     "output_type": "execute_result"
    }
   ],
   "source": [
    "arr"
   ]
  },
  {
   "cell_type": "code",
   "execution_count": 10,
   "metadata": {},
   "outputs": [],
   "source": [
    "arr = arr.reshape((8,5))"
   ]
  },
  {
   "cell_type": "markdown",
   "metadata": {},
   "source": [
    "reshape can be done as multiples of the range specified i.e 40 = 10*4 or 4*10 or 8*5 or 5*8"
   ]
  },
  {
   "cell_type": "code",
   "execution_count": 12,
   "metadata": {},
   "outputs": [
    {
     "data": {
      "text/plain": [
       "array([[ 0,  1,  2,  3,  4],\n",
       "       [ 5,  6,  7,  8,  9],\n",
       "       [10, 11, 12, 13, 14],\n",
       "       [15, 16, 17, 18, 19],\n",
       "       [20, 21, 22, 23, 24],\n",
       "       [25, 26, 27, 28, 29],\n",
       "       [30, 31, 32, 33, 34],\n",
       "       [35, 36, 37, 38, 39]])"
      ]
     },
     "execution_count": 12,
     "metadata": {},
     "output_type": "execute_result"
    }
   ],
   "source": [
    "arr"
   ]
  },
  {
   "cell_type": "code",
   "execution_count": 13,
   "metadata": {},
   "outputs": [
    {
     "data": {
      "text/plain": [
       "array([[ 0,  5, 10, 15, 20, 25, 30, 35],\n",
       "       [ 1,  6, 11, 16, 21, 26, 31, 36],\n",
       "       [ 2,  7, 12, 17, 22, 27, 32, 37],\n",
       "       [ 3,  8, 13, 18, 23, 28, 33, 38],\n",
       "       [ 4,  9, 14, 19, 24, 29, 34, 39]])"
      ]
     },
     "execution_count": 13,
     "metadata": {},
     "output_type": "execute_result"
    }
   ],
   "source": [
    "arr.T"
   ]
  },
  {
   "cell_type": "markdown",
   "metadata": {},
   "source": [
    "also we can do dot product of arrays"
   ]
  },
  {
   "cell_type": "code",
   "execution_count": 14,
   "metadata": {},
   "outputs": [
    {
     "data": {
      "text/plain": [
       "array([[  30,   80,  130,  180,  230,  280,  330,  380],\n",
       "       [  80,  255,  430,  605,  780,  955, 1130, 1305],\n",
       "       [ 130,  430,  730, 1030, 1330, 1630, 1930, 2230],\n",
       "       [ 180,  605, 1030, 1455, 1880, 2305, 2730, 3155],\n",
       "       [ 230,  780, 1330, 1880, 2430, 2980, 3530, 4080],\n",
       "       [ 280,  955, 1630, 2305, 2980, 3655, 4330, 5005],\n",
       "       [ 330, 1130, 1930, 2730, 3530, 4330, 5130, 5930],\n",
       "       [ 380, 1305, 2230, 3155, 4080, 5005, 5930, 6855]])"
      ]
     },
     "execution_count": 14,
     "metadata": {},
     "output_type": "execute_result"
    }
   ],
   "source": [
    "np.dot(arr,arr.T)"
   ]
  },
  {
   "cell_type": "code",
   "execution_count": 16,
   "metadata": {},
   "outputs": [
    {
     "data": {
      "text/plain": [
       "array([[ 0,  5, 10, 15, 20, 25, 30, 35],\n",
       "       [ 1,  6, 11, 16, 21, 26, 31, 36],\n",
       "       [ 2,  7, 12, 17, 22, 27, 32, 37],\n",
       "       [ 3,  8, 13, 18, 23, 28, 33, 38],\n",
       "       [ 4,  9, 14, 19, 24, 29, 34, 39]])"
      ]
     },
     "execution_count": 16,
     "metadata": {},
     "output_type": "execute_result"
    }
   ],
   "source": [
    "arr.swapaxes(0,1)"
   ]
  },
  {
   "cell_type": "code",
   "execution_count": null,
   "metadata": {},
   "outputs": [],
   "source": []
  }
 ],
 "metadata": {
  "kernelspec": {
   "display_name": "Python 3",
   "language": "python",
   "name": "python3"
  },
  "language_info": {
   "codemirror_mode": {
    "name": "ipython",
    "version": 3
   },
   "file_extension": ".py",
   "mimetype": "text/x-python",
   "name": "python",
   "nbconvert_exporter": "python",
   "pygments_lexer": "ipython3",
   "version": "3.8.5"
  }
 },
 "nbformat": 4,
 "nbformat_minor": 4
}
